0.132343 0.584298 0.405909
0.0843429 0.626853 0.150201
0.122654 0.57024 0.233752
0.109815 0.62391 0.196725
0.145507 0.637407 0.13118
0.0952085 0.626945 0.323613
0.111879 0.623088 0.208379
0.112304 0.641905 0.0924189
0.109635 0.634275 0.0895522
0.122482 0.627383 0.042423
0.0953693 0.610445 0.0683094
0.103617 0.62517 0.0923802
0.0966449 0.609529 0.197904
0.127174 0.624727 0.139368
0.125809 0.631418 0.277997
0.127074 0.626625 0.364829
0.129284 0.627392 0.287585
0.112477 0.627234 0.265414
0.144434 0.612076 0.139938
0.122778 0.630351 0.234556
0.106053 0.628023 0.438854
0.0934004 0.543154 0.161321
0.115231 0.550462 0.322188
0.104967 0.537459 0.343275
0.130247 0.534634 0.386368
0.107544 0.554335 0.266706
0.114177 0.535852 0.323414
0.128972 0.545511 0.336265
0.107953 0.594598 0.265185
0.106013 0.599887 0.227438
0.109573 0.623755 0.325262
0.0425144 0.594594 0.482993
0.0872087 0.606988 0.333692
0.0873795 0.599303 0.285721
0.0914255 0.591704 0.269667
0.117921 0.618567 0.233433
0.103981 0.599805 0.30626
0.110255 0.584102 0.303249
0.102793 0.599632 0.181246
0.105831 0.614522 0.45956
0.125054 0.596143 0.321906
0.132686 0.592341 0.355499
0.094877 0.649395 0.289139
0.145192 0.602191 0.14684
0.131426 0.612191 0.228725
0.12758 0.602866 0.155344
0.129437 0.608782 0.398625
0.103619 0.596789 0.146174
0.12397 0.599034 0.253409
0.0702824 0.592412 0.30379
0.151382 0.585299 0.295142
0.0797666 0.611148 0.139538
0.0715664 0.5892 0.22578
0.117961 0.583348 0.262669
0.0928426 0.585088 0.188494
0.120849 0.598557 0.256893
